001469
001392
004755
003890
000557
000819
001543
004263
000196
004252
003622
002336
002908
001609
003350
003719
003017
001147
004708
003637
001563
003501
003357
003910
002445
000045
000158
002544
001506
003451
002741
002141
001136
004490
003727
003104
001114
001849
000480
000869
002922
001424
003860
001433
004768
001636
004861
000622
003260
000346
003568
004800
000930
000340
004137
002972
004652
000211
004805
000007
004584
002940
000619
001250
003894
003125
001544
002344
003980
001953
004187
003530
002612
004683
001356
000883
001635
001277
002302
001531
001089
004839
002355
001222
001472
002719
004360
000963
003450
001366
000295
003641
001164
000625
000733
003250
002024
000243
002170
001149
003335
001592
004480
002003
003947
002934
002866
000285
003956
004208
002988
003913
000090
000248
001735
002968
001659
003542
001680
004229
004442
000084
003529
002265
001577
004467
000631
004675
004374
001239
002881
001815
002219
000726
002525
003500
001070
003606
002246
003432
001090
003411
002001
001429
001627
003308
004560
004076
000308
000301
000166
001191
001016
001507
001004
000658
004831
001062
002706
004498
000734
002777
001895
004507
002849
002464
002249
001742
001172
003434
003996
004319
003320
004296
000517
000454
003851
002457
000477
003791
002157
000610
000306
002394
000299
002182
002173
001056
003744
002729
000065
001806
003277
003713
001696
000567
004460
003515
002853
004279
004998
002480
003982
002739
001842
004386
002852
000485
000995
001169
003103
004221
003223
004980
002925
002189
000357
003768
003538
001351
001721
003174
002252
003752
004071
004260
004028
004879
002390
004259
003420
001820
002121
003983
000805
002973
003070
003540
003342
003173
003675
003496
000681
003209
004634
003876
000036
000092
003504
001309
004600
003212
001630
004749
000664
001450
003311
004267
002325
002202
004676
003984
001210
004897
001422
004343
004051
001319
004921
003771
004910
003270
000719
000429
003867
002915
004909
003886
003602
001378
004273
001024
004653
002385
000617
003623
004347
002395
000160
003095
001345
004280
004635
002591
000814
003986
000408
001432
003825
002303
004008
001138
003516
002393
004748
003045
000237
003953
003554
002452
004452
002902
002775
002957
000215
004761
004590
004366
000748
002657
003718
000529
001260
004669
004173
004832
002049
000162
000902
002679
001370
002018
000665
002864
003970
000951
002208
002074
002292
004341
001711
000341
004215
001539
002482
003557
000943
002492
002514
002347
000984
003271
003221
003186
002301
001578
004377
001857
001281
002962
001744
000476
001508
002716
000407
001690
003946
004331
001605
001859
003584
001087
001127
004513
002721
001458
002720
000611
003108
004031
002561
004427
002176
002879
001759
000718
003940
002559
000572
002146
000395
000520
002401
000130
000265
004696
004121
000543
001247
001218
001091
003085
001844
004705
000794
002512
001994
004118
001939
002619
003813
003610
002489
001780
002190
002929
000504
000347
001015
000279
001800
003561
002834
000644
004226
003861
003783
003627
003815
004268
004354
000032
002528
001369
000087
003667
002586
003590
002667
001599
004012
000868
000875
002409
003543
003480
002590
002913
002384
002574
004223
001054
002648
000457
003333
001873
003630
003680
003494
002191
003179
003380
002415
003711
002280
000674
000315
000828
003183
002708
003957
002320
000163
001747
001051
004135
002981
003253
002209
002598
004466
001301
002709
002542
000962
003038
000593
002603
002967
004630
001063
004964
004828
004855
000727
004106
004862
003731
004556
004771
000650
001880
003799
002543
001667
004789
000953
003650
004340
000804
004699
002715
004622
002477
000188
003938
003796
002491
004753
001872
004348
003850
002992
001784
001419
004048
004764
000747
004502
002040
004778
004174
004713
002256
002282
002399
000744
003694
000020
004455
002081
002352
003747
003197
001032
004007
002423
001593
002392
001606
003213
001616
000553
001022
004079
000034
003903
003785
003493
001497
004672
002746
001026
003879
000854
001736
004725
003088
003331
000319
000751
003153
001580
002061
000152
001350
000560
001929
000803
001418
002447
004504
002762
000257
001848
004738
001044
000950
002234
001969
002042
003050
004709
003368
000813
003399
002411
004571
003215
001145
004503
000678
000990
003495
000399
004285
002010
002531
002273
000590
003344
000172
001752
002441
003422
000505
003166
000661
003608
002642
004681
000763
002647
000848
004159
002993
003157
001973
003698
003044
004317
004903
003555
000696
004609
004602
001647
003109
003448
003024
004674
001410
003633
004512
001398
000116
002369
004532
000313
001104
000178
000920
000478
000414
003046
002685
004547
002133
003720
003413
003905
004149
002305
001211
002422
001649
001290
004029
004627
000981
001963
001029
002909
003922
001757
003823
002436
001071
000595
002037
000100
000906
000173
001622
002000
000022
000419
001232
003716
000241
001059
003878
003660
003304
002753
004578
003948
001354
002905
001086
001650
000418
004251
004624
000961
001358
001333
004068
000876
001861
003535
001725
000091
000314
004052
003347
003971
001121
002763
004232
003921
003068
002570
002500
002668
001520
000327
000486
000666
001197
001867
003951
001604
001329
004629
003845
002089
000033
004656
000443
000799
000376
000303
001927
004423
001372
003229
002410
003995
003662
003290
004555
000983
001683
002650
002870
001631
004519
002942
001756
001448
000398
004002
003460
000159
004777
000088
002597
000921
000731
003728
000235
002757
002907
002093
000700
000824
002537
002955
003120
002361
001546
004939
002600
004539
004803
002439
002484
000909
004924
000643
002144
003595
004987
000857
002312
002308
003334
000179
002345
004160
004581
001841
003668
002271
000254
001493
003648
003563
003133
001425
001371
001588
002511
004391
002475
002748
000364
000769
004015
001832
001080
000333
003151
004847
002976
002856
003135
000064
001453
004769
003416
002933
002349
001391
002691
001967
004271
001518
003699
004841
001236
002232
002611
000436
003453
000738
003324
002946
001698
003616
001893
004917
004883
003162
004283
001423
000484
001828
001611
002174
003852
003523
003158
004204
003014
000833
004569
004262
004472
001023
000102
001777
000441
003473
004164
000916
002765
000864
001889
000544
001930
003858
004646
001791
003708
004196
000508
001460
001952
000672
003388
003431
002885
001426
001000
003537
000077
004583
000198
000442
000636
002437
001110
000837
001958
002375
004441
000515
004293
001143
003854
003964
002106
001130
001342
002839
001561
000263
003739
002958
002584
000097
004384
004132
001706
003949
004383
003604
002935
002107
004150
004352
001814
000827
001950
002147
000535
003569
003002
002095
002557
004193
000165
003107
001207
001943
001362
004575
004182
000514
003037
004673
004469
002140
001865
002969
000668
003937
003902
003354
003740
002602
004837
001308
003807
000145
004857
003671
003969
004625
004488
001035
001900
004544
004785
000555
003409
002786
000098
000716
000388
003258
001196
000015
004064
000509
002734
003885
003289
000404
001353
000121
004928
001591
002693
001330
002254
001132
003779
000057
002015
002398
004741
002752
003877
000977
004936
001792
002198
002869
003385
003467
003551
002671
003792
000427
003735
000377
000967
002616
003214
003738
001707
003880
004318
004608
004707
003297
004767
002654
002823
001837
001673
003028
003743
001552
000552
004619
000204
003688
002884
004942
000867
000143
004199
004819
003939
000268
000670
000757
001123
003325
002169
004595
000133
001073
001465
000089
004019
004367
003748
002805
002353
004799
002227
003155
000816
001213
003672
002731
003507
001748
000922
004754
000783
004393
002980
000800
004043
000233
001219
001099
000898
004666
004035
001108
004401
004091
002692
001348
004833
003248
004376
000359
004886
001986
001457
004323
003264
003884
002214
002020
004282
003977
000892
001163
002930
001726
004004
002800
000859
003156
001515
004716
004662
001327
001978
001292
003427
004849
003449
002674
003121
004632
002703
004780
004958
001864
000586
000491
003321
004743
004120
004101
001098
002711
002486
000050
001779
000004
001383
003064
004103
000639
004846
004116
004776
001527
003593
002161
004359
001212
001262
004695
002118
003272
003581
000539
002309
003228
003625
004644
001740
001901
002321
000866
003230
001911
003339
001008
000030
004790
004201
003772
002803
000571
001313
004314
002764
001390
002850
000829
002338
002178
003225
002766
001624
004541
000550
004920
000283
000370
003797
002990
004342
000063
003177
000452
002094
002548
001341
004706
004759
001282
001201
001803
000659
000489
004357
003262
001112
003659
003868
000775
002906
000082
001409
003600
003562
002412
004690
002417
001623
002656
001010
001614
004006
003247
001512
000662
004309
001852
003352
003424
000456
001678
003440
001968
002876
000200
003954
000266
001103
000187
000501
003640
004166
000495
002874
003406
001492
003419
001380
001514
003907
000792
003631
000528
003310
002960
002481
002699
002413
000777
000039
002632
001564
004688
001434
003693
000074
002103
000280
001052
003935
002446
004011
002023
001428
000411
000924
000821
001095
003047
004961
003525
001663
004900
001945
001547
004501
004516
000498
002605
004655
002950
002113
002861
000372
004817
000786
003236
001346
002825
004913
003497
003081
004772
001906
000278
003759
003726
001551
002541
002817
000879
002120
004211
000352
004615
003644
004820
001571
001628
003266
000497
003944
001454
003673
002330
000273
000325
000872
003841
000185
004795
004540
000926
001175
003965
003110
002924
002222
002867
001170
004912
004765
003864
002096
000928
003067
000618
002833
004406
000111
003069
000262
001464
004763
001617
002397
001836
003499
004240
002898
004434
003765
000368
001167
000117
000564
004335
002070
001931
004239
004332
000096
001374
004878
003839
004881
002797
003128
001311
003196
001183
002358
001148
003574
002031
001637
003083
000431
004082
004180
002313
004141
001987
002760
001230
001499
003233
000736
004361
002109
000910
004824
002090
000840
002479
002998
000466
000435
003849
003900
000226
003518
002168
003520
000192
001971
000424
003912
003685
003832
002454
002405
002283
004493
002259
004972
001237
002350
003283
004308
004249
003052
003915
000531
002406
003291
000891
004038
002323
000403
001809
002523
003524
001907
003928
000229
001048
002638
003674
002995
004977
001318
003000
002890
001117
002217
000193
001682
001107
001511
000948
003548
001367
000320
000080
000071
001856
002732
000439
003931
001568
000499
002466
004171
002894
004529
004265
000979
000008
001523
002450
004304
004719
003466
000603
000653
000937
002937
002831
002490
002129
003353
004851
003914
000252
000462
001225
002064
003060
003645
004066
004424
004593
003032
000402
002795
002951
000171
003244
003178
003715
003041
001825
001269
002472
001947
001474
004702
002476
000633
001271
000781
000632
001717
000490
000706
002156
001548
002841
001020
003149
000018
000049
004733
002404
003729
003737
003384
000559
001691
000676
003195
004758
002651
004077
004405
001273
003269
000600
000186
000648
003725
004809
002910
001954
002427
004100
000834
001540
000680
002111
004773
001934
004514
003638
002589
003436
001477
002784
002895
001033
003430
002038
002997
000390
002304
002473
000213
003447
002549
001545
002046
000061
002458
004976
000264
003185
001567
002115
000703
000417
002443
002229
003790
000358
004603
004704
000205
004188
000488
004618
000330
000521
000615
001275
004311
004548
003013
001437
002289
001235
002119
002297
002530
004291
000527
001438
003976
000817
001816
001701
004869
003087
003255
001468
002075
002565
002798
004351
002383
004827
003167
002774
000694
004524
000479
003478
004408
004085
004698
003376
001984
004813
000534
003063
000660
003801
004169
004931
004925
000108
002792
001338
000752
001946
002148
003371
004617
002891
004557
000591
000356
000373
003770
000251
003161
001106
000811
004390
001258
004222
000645
001248
003199
003417
004700
002594
004457
002501
004198
002127
000860
004534
001188
003194
000176
000037
003594
000029
003367
003457
002154
001664
003402
000290
000181
001905
004568
001602
002043
004133
002007
001276
001730
000127
003211
002644
004217
002112
000715
004288
004722
003892
002372
000679
000380
004926
001923
000302
004737
001936
003292
001504
000959
000338
002006
000940
004305
001068
004362
003275
003997
000609
000999
000699
000310
003073
001490
002595
004822
002810
000935
004047
001441
002034
003470
001977
004020
001189
003414
001045
001355
003919
001787
004334
002919
004954
002493
002566
003487
002032
004694
002859
002573
001715
002467
004440
003899
003126
002643
004582
001826
000148
004528
002039
004153
001595
004567
003012
003296
001050
004930
001590
000214
000272
004786
002532
000849
002923
002640
003089
002194
001840
000423
004794
000976
001935
004774
002408
003309
000954
000524
004368
002223
002947
001652
003749
004295
001658
000375
001525
004231
002017
000378
003363
001440
003646
003613
002143
004838
000119
003407
003579
002673
002965
002502
002789
003390
003462
003181
003282
003280
002319
004197
004350
001644
002053
003259
000472
003930
003750
004152
000021
003033
002200
003773
002755
003803
000796
004444
001845
001585
003202
004947
001534
004853
002262
004281
002021
000422
002233
000767
002386
000562
004344
002567
002131
000218
002772
002337
000980
003714
001629
000642
004527
001439
000365
002509
001449
003766
004643
000247
002284
002083
000927
001444
000628
000075
002199
004860
004194
000231
004978
003898
002414
003043
002285
004787
002056
000440
004209
003639
002634
003577
004024
003265
000343
000533
002240
000227
004620
003131
001265
004109
003465
000291
002370
001447
002378
001768
002058
000425
004577
000112
001699
002293
001582
004114
004067
001216
001827
004779
003564
004604
001793
004446
002050
003484
002186
002975
004245
002569
000558
004663
002783
000104
003433
002327
003140
003145
001111
001142
000621
001079
004233
003374
003132
004113
002009
004185
000492
002893
002236
003513
003565
003136
002725
000296
004462
001445
004162
002442
004621
000732
001869
004040
003442
000463
000311
004464
002770
003999
003778
001805
000067
003404
002160
003346
000444
001600
002485
004932
001002
001312
003628
003444
002994
002897
001517
001662
003295
000394
003605
001997
003603
001339
004951
001914
003978
000542
002341
001639
000791
000761
003587
002453
000693
004356
002300
003911
002609
001343
000354
001231
004508
002837
004495
003147
002371
000620
000199
001565
003415
004893
003492
001234
002162
002138
004811
004992
003016
003767
004505
004219
004950
003722
004054
004459
002769
003340
002123
000970
000322
002440
001727
002257
000393
000768
001077
000014
002389
003285
000721
003146
000960
002564
004546
000568
000881
004927
001315
001509
000925
004494
003021
000275
003819
000789
002979
003065
004261
004962
004183
003421
003626
002065
001060
004612
002641
000739
003857
003856
000904
001373
000996
004069
002101
002197
000947
001830
003193
000221
004614
002063
003692
003599
003341
002455
003634
001402
003428
004364
004124
002553
000851
002862
002941
001031
000667
000146
003303
000156
000836
001194
001335
001560
004275
002920
001027
001397
001388
001128
004815
004816
002508
001476
001209
001558
004994
001940
003483
001860
002296
004042
000274
000253
000401
000604
003585
000597
004073
002045
004172
004814
003093
000122
004989
002768
000707
001463
001846
001036
004751
003459
003381
000596
001794
004566
002857
003299
000978
001386
000741
004203
000574
000782
003968
003203
000258
003811
000838
001713
003423
001598
002078
000348
000157
002400
001575
004005
002151
003614
001910
004274
003245
000863
000260
003591
003094
004970
002887
001473
002463
001993
004864
003512
004220
004956
003979
002750
003724
000309
001007
001285
000647
004145
000259
004531
004163
001685
004873
002080
002379
001573
001883
000447
003684
001069
001739
002758
000270
002550
001758
002418
003100
001489
003831
001009
001042
002100
002778
000578
000464
004123
001430
002855
000362
003721
001401
000946
003678
001198
000292
002710
003018
001778
003549
003180
004781
004639
004611
001868
001569
003502
004605
004526
000027
001524
001956
002649
003934
004703
000766
001882
000599
000594
000958
002218
004088
004421
004050
004905
004290
001888
002865
002713
001909
001559
004312
002230
004572
002027
000929
004241
000936
003889
004474
004477
003057
002974
001645
001115
001881
001853
000856
000673
002054
000614
003508
003642
000688
002387
000755
003242
000874
004003
001013
002851
004098
000540
004353
004537
001679
003124
001323
000518
004984
004935
002704
004055
001516
004177
001700
002228
004276
004428
003387
003544
002524
004294
004596
003042
002380
001303
003439
003973
000136
001034
004301
002281
000450
000589
000406
004784
002507
004228
000142
004065
001761
004798
003241
003519
004453
003829
000220
004087
001208
000132
002126
000825
004234
003661
004470
003072
000012
003298
002568
003686
004143
002670
003945
003150
000843
001039
001925
003394
002076
000017
004904
001693
004818
003687
000965
001913
000839
001053
003049
003490
003895
001513
002630
001157
002844
004745
004866
001648
004385
004550
000989
004880
001187
000255
004154
000873
001324
002860
002068
004458
001851
000070
004983
002872
003078
003076
004573
003696
004732
001084
000602
002195
003039
002416
002681
001995
004848
002743
003114
003736
002944
000052
001257
004915
002987
000125
002926
002181
002873
003164
000024
000749
001400
002659
003322
002346
002348
000217
000494
002742
004492
004554
003479
001297
002737
000522
000344
001479
001737
004966
003337
003609
004623
001976
002818
001975
003927
002871
002626
000711
001067
003873
001608
001405
001100
001723
003227
001470
003498
002207
004207
001375
001818
002658
001960
002593
001246
004139
004968
000085
000992
002438
003201
000608
004511
003182
000297
000640
002117
000277
004908
000426
000269
002886
003812
001496
003576
000144
001193
001689
004482
003924
002299
002187
004591
001165
001137
002779
003061
001360
002329
002035
002608
003142
002402
002718
004598
003482
004692
004711
001574
003216
000078
002954
004876
003102
000026
000581
000005
002391
004372
001767
003636
004009
004450
004997
002025
001480
002287
002220
000754
002270
002628
000500
002430
003972
000150
000167
000219
003117
000982
001203
001912
003793
004027
003618
004030
000475
002269
000764
003589
001899
002672
004686
000081
002030
001396
001074
001641
000023
002159
003382
002469
004443
001670
001377
004022
004058
002251
004945
004125
003234
000923
000334
003795
003503
001838
001850
001018
002943
004654
000830
001724
004214
000367
004731
001195
004888
000073
004918
004836
000654
000656
004821
003370
003395
002535
003412
000532
002471
003015
004551
003098
003755
003112
001541
004041
000288
003144
004045
001676
000994
003788
004877
003596
004536
001570
001334
000671
001824
003588
004264
004473
003697
003786
004225
004016
004887
003865
001363
002846
002904
002134
002276
003690
003152
001651
000069
002949
000915
001632
002655
002139
004659
003066
004033
003567
003051
004407
001228
004089
002615
000993
004255
004607
003300
003775
004330
001738
003780
002773
001102
000780
003141
002510
000242
001538
002927
002812
001710
003896
003553
003294
004687
004111
000013
001190
000328
004302
002108
000453
000911
001877
001718
003091
000575
004237
002488
002041
000324
000684
000692
001576
003375
003398
001252
001594
002224
000010
001144
000428
004155
000737
003859
000216
000267
002781
001395
001382
004697
002167
004070
004387
001421
004979
000705
000577
002629
001755
003742
002948
003454
001404
004119
004256
003751
003170
003533
004321
000686
002239
004018
003528
004409
001381
000332
000820
003734
002617
002360
002826
004059
003220
004852
003455
000003
004320
001047
004901
004246
001162
002583
003909
002086
004044
003441
003009
001019
000511
000239
002192
000095
003452
002914
001938
000384
003168
002698
004057
001160
002627
001302
000588
003316
002152
004021
001533
001703
002695
004090
001634
001896
001863
004402
004454
004902
000281
004783
004682
004530
004606
000931
000232
003224
000140
004037
003464
001057
004735
004736
002613
001431
001798
000189
003030
003837
001092
001866
000884
000770
000056
001619
001133
003920
004734
002014
000316
000986
004523
000473
000724
002002
001485
001843
004108
003705
001126
002676
001385
004940
003226
001557
004865
002499
001141
001357
002274
003105
003689
002921
003400
000191
003243
000991
001331
001259
002705
003955
003463
001267
000355
000790
002150
004657
004991
003372
002761
003373
003111
004010
003532
003522
000510
003571
004202
001802
000912
000271
004389
002576
002216
004277
001686
001897
001783
003293
004542
003784
004610
003805
001244
003753
002164
000129
002388
001399
002172
000530
004796
003669
000230
000329
002211
002645
000893
003096
000538
004316
003307
001522
003820
004104
003652
002814
001720
000938
001532
003871
000286
004648
000062
003458
001124
004396
004053
003800
003218
003872
003546
002051
003619
000446
000503
001488
000969
003709
002796
000853
000806
004129
004075
001150
003665
002279
004863
002635
001704
003345
002587
001205
000041
002579
003029
001833
002029
004658
000481
000612
002059
004218
001118
002607
002184
004327
000234
001168
001917
002740
001494
000059
001152
001451
002432
000134
002055
000723
004329
000570
003536
003666
002723
004892
001223
001317
000629
001530
004339
001796
003305
004943
002008
004791
002880
004649
000917
003206
004616
004418
004747
003123
000058
001743
001379
003301
003188
002165
001249
002534
000945
002745
000547
002560
003198
004415
004499
002801
000047
002917
003586
001646
001320
000729
003389
001656
000437
002824
002241
004691
002267
004080
003818
001417
004642
003702
004948
002845
002624
003966
000687
002620
000249
001655
001484
004112
003025
002809
002407
002298
000312
001298
003176
000208
004525
003217
002260
004559
004445
001835
001915
000987
002444
004952
002802
004899
001487
004919
003844
003361
003486
002687
001221
003583
000207
002963
004432
000682
001017
003866
001256
003011
000663
003058
003923
002403
002333
004483
003336
000028
003840
002663
000878
004014
002999
002977
004562
001414
000740
001753
003798
004086
003184
002790
001134
000353
004484
001325
001179
001268
002953
003607
000282
001279
004247
003446
002522
001749
002585
002540
000383
004476
000042
001192
002449
002226
000810
002163
003816
004379
000877
001289
000294
000801
000068
002728
003700
001955
002331
004975
002204
004885
002363
004701
001177
002793
000683
002011
003396
001159
001393
000886
002633
002892
000871
003560
000360
001081
002057
004083
000746
002468
000381
002747
001427
000141
003391
002145
000118
001254
004184
001174
004093
002547
004157
004144
004967
002714
000613
003274
002245
004685
004854
002694
002091
001158
001206
003769
000584
002596
000335
004579
004254
004934
003418
001287
003129
000206
003550
002426
004757
002539
002105
004238
000742
001296
002324
001982
002782
002250
003207
004870
003794
000392
003438
000889
000124
004944
003007
003653
002982
002555
003306
001933
000808
001642
003118
000175
003511
001694
003754
000835
000002
002806
001467
002754
000697
000155
003570
003828
000469
004425
000972
002067
000114
000525
003315
001813
000103
001962
000725
001526
000470
003893
004117
003099
003435
003408
001584
000053
000592
004714
000051
003281
002104
000350
001413
003286
001037
003723
000675
003664
000397
004858
001294
003332
000168
004651
000434
003366
003210
002558
000888
000107
001745
003676
001782
002263
000894
001180
001483
000135
004561
000753
004449
002820
001498
004026
001384
003998
002938
000250
004721
001082
000506
003481
004286
003208
001306
002896
000043
001416
002756
004433
002808
003710
001989
002804
001364
003019
001654
004804
000708
003988
003379
002022
001916
003615
003189
002132
002636
002983
002177
003008
000934
000467
003962
003822
003598
003084
000551
002188
004884
003517
001376
000616
003148
002470
000031
004689
000128
004937
003869
004965
001274
002255
003985
004056
003143
003365
000289
000778
003552
004661
000903
003318
002311
004269
004447
000585
000209
004429
002125
001109
003461
004914
000293
002433
003163
004074
003918
002425
002888
003679
004337
004545
003695
001286
002552
000657
004585
004032
001728
000919
002696
004949
000507
002712
002727
000626
001040
000449
000391
001340
001733
001220
000256
004564
000458
003582
002122
003429
003941
004253
002203
002536
002316
000326
000448
003268
004186
004471
001505
002848
000182
002840
000139
002767
002900
003929
002952
003691
000261
003113
003950
002158
001415
000907
003651
001389
004072
002984
004266
000526
002073
002244
003491
003514
002314
004134
003130
003159
004324
002787
000493
001291
000106
004192
000516
003062
000336
004601
003521
004834
003835
001135
003101
000720
002377
003056
002221
002556
003991
002828
001922
004411
004558
000351
